177

21 150 0 12
40 150 0 20
101 150 0 36
38 146 1 33
144 146 1 15
63 68 2 36
64 68 2 21
84 85 3 22
17 53 4 29
31 53 4 19
31 70 5 26
64 60 70 5 5
98 60 70 5 3
8 6 26 70 5 7
116 115 6 5
119 115 6 47
136 133 115 6 15
136 132 133 115 6 11
122 125 7 50
124 125 7 19
21 127 8 39
98 127 8 22
63 9 195
63 37 47 48 10 21
11 10 106 37 47 48 10 4
31 49 48 10 6
8 110 11 40
109 110 11 6
38 61 110 11 15
40 61 110 11 22
31 92 110 11 4
31 120 12 8
116 120 12 2
8 89 120 12 22
98 127 121 120 12 21
98 130 120 12 11
17 103 131 130 120 12 4
114 13 114
11 12 14 49
74 12 14 23
116 12 14 31
64 15 145
51 16 56
38 39 17 28
40 39 17 25
31 23 18 10
8 6 26 25 23 18 11
31 1 24 26 25 23 18 6
38 42 19 46
40 42 19 7
136 42 19 27
31 155 20 19
101 155 20 6
154 155 20 24
154 152 155 20 13
124 94 152 155 20 1
11 16 152 155 20 4
31 153 155 20 11
31 2 28 21 8
38 2 28 21 6
11 10 27 28 21 12
154 29 27 28 21 1
31 1 29 27 28 21 6
31 129 22 28
40 129 22 24
59 93 129 22 5
114 93 129 22 3
116 93 129 22 2
40 23 158
15 13 24 39
116 13 24 25
159 156 25 24
59 56 26 49
71 56 26 3
71 149 27 48
141 149 27 21
101 150 147 149 27 7
15 28 132
141 29 106
144 30 43
38 105 31 36
141 105 31 27
38 2 105 31 15
66 2 105 31 29
40 39 104 105 31 1
159 158 105 31 48
51 52 158 105 31 2
116 93 105 31 10
99 100 32 27
101 100 32 11
8 6 33 20
31 1 6 33 20
38 1 6 33 15
17 103 131 130 120 137 24 26 6 33 3
3 23 25 26 6 33 15
8 4 6 33 34
8 9 6 33 1
59 34 99
98 35 67
84 36 95
119 37 103
99 38 47
74 39 60
11 40 23
109 41 13
31 30 33 42 33
40 62 33 42 4
116 43 55
71 44 188
136 45 102
31 30 35 43 46 5
101 30 35 43 46 2
66 44 43 46 10
31 32 43 46 3
87 47 80
154 48 55
124 49 50
15 54 50 27
38 54 50 35
8 7 54 50 7
15 90 54 50 28
45 54 50 20
31 32 54 50 1
101 51 155
66 102 52 29
99 102 52 40
101 102 52 27
11 16 102 52 11
15 16 102 52 15
141 140 53 30
144 140 53 41
141 138 140 53 27
159 156 138 140 53 13
159 54 72
38 55 217
8 56 146
59 55 57 34
59 58 55 57 16
31 32 58 55 57 2
38 41 58 11
40 41 58 5
51 41 58 9
66 59 249
82 79 60 28
82 78 79 60 14
82 81 78 79 60 3
84 81 78 79 60 11
82 80 81 78 79 60 1
15 90 79 60 1
31 32 58 79 60 3
21 61 100
98 97 62 9
154 97 62 31
71 148 63 44
101 150 148 63 2
119 150 148 63 18
17 96 147 149 148 63 4
82 64 37
82 80 65 32
78 81 80 65 21
31 32 58 79 80 65 5
74 75 66 27
159 75 66 1
17 67 42
109 126 68 21
122 126 68 39
124 126 68 19
122 123 126 68 14
125 126 68 5
122 69 31
11 10 70 30
38 1 10 70 13
116 12 10 70 2
8 0 12 10 70 5
124 94 29 27 10 70 5
40 36 34 71 11
101 30 35 34 71 4

